מאומתים חדשים - יומי,,,
תאריך,מספר מאומתים חדשים,ממוצע נע 7,מאומתים מצטבר
12-02-2020,0,7,7
13-02-2020,0,3,7
14-02-2020,0,2,7
15-02-2020,0,1,7
16-02-2020,0,1,7
17-02-2020,0,1,7
18-02-2020,0,1,7
19-02-2020,0,0,7
20-02-2020,0,0,7
21-02-2020,1,0,8
22-02-2020,0,0,8
23-02-2020,0,0,8
24-02-2020,1,0,9
25-02-2020,0,0,9
26-02-2020,0,0,9
27-02-2020,1,0,10
28-02-2020,3,0,13
29-02-2020,0,0,13
01-03-2020,1,0,14
02-03-2020,5,0,19
03-03-2020,3,1,22
04-03-2020,0,1,22
05-03-2020,2,1,24
06-03-2020,4,2,28
07-03-2020,4,2,32
08-03-2020,9,2,41
09-03-2020,4,3,45
10-03-2020,33,3,78
11-03-2020,19,8,97
12-03-2020,22,10,119
13-03-2020,35,13,154
14-03-2020,29,18,183
15-03-2020,39,21,222
16-03-2020,73,25,295
17-03-2020,94,35,389
18-03-2020,118,44,507
19-03-2020,136,58,643
20-03-2020,168,74,811
21-03-2020,210,93,1021
22-03-2020,254,119,1275
23-03-2020,352,150,1627
24-03-2020,423,190,2050
25-03-2020,425,237,2475
26-03-2020,520,281,2995
27-03-2020,435,336,3430
28-03-2020,480,374,3910
29-03-2020,531,412,4441
30-03-2020,548,452,4989
31-03-2020,738,480,5727
01-04-2020,703,525,6423
02-04-2020,720,564,7143
03-04-2020,598,592,7741
04-04-2020,428,615,8169
05-04-2020,583,608,8752
06-04-2020,451,615,9203
07-04-2020,377,602,9580
08-04-2020,338,550,9918
09-04-2020,343,499,10261
10-04-2020,359,445,10620
11-04-2020,345,411,10965
12-04-2020,552,399,11517
13-04-2020,438,395,11955
14-04-2020,399,393,12354
15-04-2020,311,396,12665
16-04-2020,297,392,12962
17-04-2020,298,385,13260
18-04-2020,291,377,13551
19-04-2020,276,369,13827
20-04-2020,299,330,14126
21-04-2020,282,310,14408
22-04-2020,225,293,14633
23-04-2020,276,281,14909
24-04-2020,248,278,15157
25-04-2020,159,271,15316
26-04-2020,83,252,15399
27-04-2020,128,224,15527
28-04-2020,159,200,15686
29-04-2020,82,182,15768
30-04-2020,142,162,15910
01-05-2020,116,143,16026
02-05-2020,57,124,16083
03-05-2020,27,109,16110
04-05-2020,53,101,16163
05-05-2020,32,90,16195
06-05-2020,65,72,16260
07-05-2020,61,70,16321
08-05-2020,33,58,16354
09-05-2020,20,46,16374
10-05-2020,29,41,16403
11-05-2020,39,41,16442
12-05-2020,23,39,16465
13-05-2020,39,38,16504
14-05-2020,22,34,16526
15-05-2020,12,29,16538
16-05-2020,5,26,16543
17-05-2020,15,24,16558
18-05-2020,27,22,16585
19-05-2020,22,20,16607
20-05-2020,15,20,16622
21-05-2020,17,16,16639
22-05-2020,19,16,16658
23-05-2020,5,17,16663
24-05-2020,13,17,16676
25-05-2020,22,16,16698
26-05-2020,50,16,16748
27-05-2020,40,20,16788
28-05-2020,77,23,16865
29-05-2020,113,32,16978
30-05-2020,29,45,17007
31-05-2020,87,49,17094
01-06-2020,100,59,17194
02-06-2020,121,70,17315
03-06-2020,97,81,17412
04-06-2020,142,89,17554
05-06-2020,127,98,17681
06-06-2020,78,100,17759
07-06-2020,140,107,17899
08-06-2020,179,115,18078
09-06-2020,174,126,18252
10-06-2020,240,133,18492
11-06-2020,192,154,18684
12-06-2020,184,161,18868
13-06-2020,149,169,19017
14-06-2020,136,179,19153
15-06-2020,198,179,19351
16-06-2020,300,181,19651
17-06-2020,271,199,19922
18-06-2020,302,204,20224
19-06-2020,310,220,20534
20-06-2020,160,238,20694
21-06-2020,173,239,20867
22-06-2020,345,244,21212
23-06-2020,452,265,21664
24-06-2020,487,287,22151
25-06-2020,516,318,22667
26-06-2020,464,349,23131
27-06-2020,398,371,23529
28-06-2020,385,405,23914
29-06-2020,756,435,24670
30-06-2020,786,494,25456
01-07-2020,971,541,26427
02-07-2020,1148,610,27575
03-07-2020,939,701,28514
04-07-2020,821,769,29335
05-07-2020,831,829,30166
06-07-2020,1134,893,31300
07-07-2020,1390,947,32690
08-07-2020,1327,1033,34017
09-07-2020,1524,1084,35541
10-07-2020,1410,1138,36951
11-07-2020,1168,1205,38119
12-07-2020,1239,1254,39358
13-07-2020,1720,1313,41078
14-07-2020,1603,1396,42681
15-07-2020,1877,1427,44558
16-07-2020,1937,1505,46495
17-07-2020,1605,1564,48100
18-07-2020,1448,1592,49548
19-07-2020,1016,1632,50564
20-07-2020,1887,1600,52451
21-07-2020,2006,1624,54457
22-07-2020,2044,1682,56501
23-07-2020,1989,1706,58490
24-07-2020,1830,1713,60320
25-07-2020,1112,1745,61432
26-07-2020,1042,1697,62474
27-07-2020,2048,1701,64522
28-07-2020,2125,1724,66647
29-07-2020,1954,1741,68601
30-07-2020,1787,1728,70388
31-07-2020,1362,1699,71750
01-08-2020,625,1632,72375
02-08-2020,708,1563,73083
03-08-2020,1800,1515,74883
04-08-2020,1729,1480,76612
05-08-2020,1690,1423,78302
06-08-2020,1677,1385,79979
07-08-2020,1764,1370,81743
08-08-2020,754,1427,82497
09-08-2020,924,1446,83421
10-08-2020,1704,1476,85125
11-08-2020,1823,1463,86948
12-08-2020,1622,1476,88570
13-08-2020,1643,1466,90213
14-08-2020,1388,1462,91601
15-08-2020,757,1408,92358
16-08-2020,1068,1408,93426
17-08-2020,1650,1429,95076
18-08-2020,1649,1421,96725
19-08-2020,1641,1396,98366
20-08-2020,1487,1399,99853
21-08-2020,1493,1377,101346
22-08-2020,711,1392,102057
23-08-2020,965,1385,103022
24-08-2020,1900,1370,104922
25-08-2020,1956,1406,106878
26-08-2020,1954,1450,108832
27-08-2020,2072,1495,110904
28-08-2020,1832,1578,112736
29-08-2020,910,1627,113646
30-08-2020,1101,1655,114747
31-08-2020,2178,1675,116925
01-09-2020,2253,1714,119178
02-09-2020,3192,1757,122370
03-09-2020,2661,1934,125031
04-09-2020,2623,2018,127654
05-09-2020,1505,2131,129159
06-09-2020,2177,2216,131336
07-09-2020,3388,2369,134724
08-09-2020,3489,2542,138213
09-09-2020,3994,2719,142207
10-09-2020,4161,2833,146368
11-09-2020,3976,3048,150344
12-09-2020,2718,3241,153062
13-09-2020,3175,3414,156237
14-09-2020,4805,3557,161042
15-09-2020,5539,3759,166581
16-09-2020,4574,4052,171155
17-09-2020,5385,4135,176540
18-09-2020,5340,4310,181880
19-09-2020,3809,4505,185689
20-09-2020,2579,4661,188268
21-09-2020,3866,4575,192134
22-09-2020,7021,4441,199155
23-09-2020,7125,4653,206280
24-09-2020,8235,5017,214515
25-09-2020,8390,5425,222905
26-09-2020,5882,5860,228787
27-09-2020,3417,6156,232204
28-09-2020,1159,6276,233363
29-09-2020,4992,5889,238355
30-09-2020,9078,5600,247433
01-10-2020,7731,5879,255164
02-10-2020,7059,5807,262223
03-10-2020,2594,5616,264817
04-10-2020,2938,5147,267755
05-10-2020,5721,5078,273476
06-10-2020,4724,5730,278200
07-10-2020,4164,5692,282364
08-10-2020,3756,4990,286120
09-10-2020,2963,4422,289083
10-10-2020,916,3837,289999
11-10-2020,1646,3597,291645
12-10-2020,3169,3412,294814
13-10-2020,2336,3048,297150
14-10-2020,2118,2707,299268
15-10-2020,1612,2414,300880
16-10-2020,1500,2108,302380
17-10-2020,412,1899,302792
18-10-2020,924,1827,303716
19-10-2020,1517,1724,305233
20-10-2020,1194,1488,306427
21-10-2020,1171,1325,307598
22-10-2020,1032,1190,308630
23-10-2020,849,1107,309479
24-10-2020,246,1014,309725
25-10-2020,606,990,310331
26-10-2020,884,945,311215
27-10-2020,887,854,312102
28-10-2020,723,810,312825
29-10-2020,645,746,313470
30-10-2020,680,691,314150
31-10-2020,228,667,314378
01-11-2020,658,664,315036
02-11-2020,789,672,315825
03-11-2020,845,658,316670
04-11-2020,769,652,317439
05-11-2020,570,659,318009
06-11-2020,691,648,318700
07-11-2020,212,650,318912
08-11-2020,534,647,319446
09-11-2020,719,630,320165
10-11-2020,675,620,320840
11-11-2020,764,595,321604
12-11-2020,836,595,322440
13-11-2020,761,633,323201
14-11-2020,291,643,323492
15-11-2020,626,654,324118
16-11-2020,873,667,324991
17-11-2020,829,689,325820
18-11-2020,795,711,326615
19-11-2020,771,715,327386
20-11-2020,774,706,328160
21-11-2020,422,708,328582
22-11-2020,762,727,329344
23-11-2020,959,746,330303
24-11-2020,857,758,331160
25-11-2020,1079,762,332239
26-11-2020,1087,803,333326
27-11-2020,1031,848,334357
28-11-2020,582,885,334939
29-11-2020,1024,908,335963
30-11-2020,1253,945,337216
01-12-2020,1199,987,338415
02-12-2020,1588,1036,340003
03-12-2020,1452,1109,341455
04-12-2020,1514,1161,342969
05-12-2020,1000,1230,343969
06-12-2020,1362,1290,345331
07-12-2020,1859,1338,347190
08-12-2020,1768,1424,348958
09-12-2020,1866,1506,350824
10-12-2020,2005,1545,352829
11-12-2020,1835,1624,354664
12-12-2020,1297,1670,355961
13-12-2020,1729,1713,357690
14-12-2020,2315,1765,360005
15-12-2020,2891,1830,362896
16-12-2020,2852,1991,365748
17-12-2020,2846,2132,368594
18-12-2020,2792,2252,371386
19-12-2020,1887,2388,373273
20-12-2020,3093,2473,376366
21-12-2020,3851,2668,380217
22-12-2020,4376,2887,384593
23-12-2020,4035,3099,388628
24-12-2020,4052,3268,392680
25-12-2020,4010,3440,396690
26-12-2020,2659,3614,399349
27-12-2020,3528,3725,402877
28-12-2020,5519,3787,408396
29-12-2020,5637,4025,414033
30-12-2020,5868,4205,419901
31-12-2020,5875,4467,425776
01-01-2021,6023,4728,431799
02-01-2021,4218,5015,436017
03-01-2021,5230,5238,441247
04-01-2021,8406,5481,449653
05-01-2021,8238,5893,457891
06-01-2021,7878,6265,465769
07-01-2021,7645,6552,473414
08-01-2021,8162,6805,481576
09-01-2021,5158,7111,486734
10-01-2021,6936,7245,493670
11-01-2021,9713,7489,503383
12-01-2021,9296,7675,512679
13-01-2021,9471,7826,522150
14-01-2021,9296,8054,531446
15-01-2021,8429,8290,539875
16-01-2021,5087,8328,544962
17-01-2021,5648,8318,550610
18-01-2021,10116,8134,560726
19-01-2021,8623,8191,569349
20-01-2021,8363,8095,577712
21-01-2021,7271,7937,584983
22-01-2021,7388,7648,592371
23-01-2021,2449,7499,594820
24-01-2021,4945,7122,599765
25-01-2021,8729,7022,608494
26-01-2021,7799,6824,616293
27-01-2021,7727,6706,624020
28-01-2021,7183,6615,631203
29-01-2021,6756,6602,637959
30-01-2021,2622,6512,640581
31-01-2021,5226,6537,645807
01-02-2021,8926,6577,654733
02-02-2021,8029,6605,662762
03-02-2021,7473,6638,670235
04-02-2021,7251,6602,677486
05-02-2021,6583,6611,684069
06-02-2021,2657,6587,686726
07-02-2021,4596,6592,691322
08-02-2021,7838,6502,699160
09-02-2021,6164,6346,705324
10-02-2021,5676,6080,711000
11-02-2021,5009,5823,716009
12-02-2021,4651,5503,720660
13-02-2021,1888,5227,722548
14-02-2021,3483,5117,726031
15-02-2021,5187,4958,731218
16-02-2021,4568,4579,735786
17-02-2021,4119,4351,739905
18-02-2021,3332,4129,743237
19-02-2021,3792,3889,747029
20-02-2021,1255,3767,748284
21-02-2021,3107,3676,751391
22-02-2021,4809,3622,756200
23-02-2021,4445,3568,760645
24-02-2021,4366,3551,765011
25-02-2021,3811,3586,768822
26-02-2021,3813,3655,772635
27-02-2021,1438,3658,774073
28-02-2021,3071,3684,777144
01-03-2021,4857,3679,782001
02-03-2021,4377,3685,786378
03-03-2021,4668,3676,791046
04-03-2021,3658,3719,794704
05-03-2021,3715,3697,798419
06-03-2021,1878,3683,800297
07-03-2021,2348,3746,802645
08-03-2021,3784,3643,806429
09-03-2021,3119,3489,809548
10-03-2021,2831,3310,812379
11-03-2021,2545,3047,814924
12-03-2021,2411,2888,817335
13-03-2021,781,2702,818116
14-03-2021,1377,2545,819493
15-03-2021,1420,2406,820913